#xx# Molecular structures in the G3 set for benchmarking atomization 
#xx# energies. See Curtiss et al. J. Chem. Phys. 112 (2000) 7374.
structure 1-3-cyclohexadiene
  molecule
    1 -1.275481 -0.184982 -2.033348
    6 -0.726586 0.253058 -1.193356
    6 -0.726586 -0.090471 1.256990
    6 1.423255 0.036832 0.114703
    6 0.726586 0.090471 1.256990
    6 0.726586 -0.253058 -1.193356
    6 -1.423255 -0.036832 0.114703
    1 -1.228906 -0.249615 2.206319
    1 2.504594 0.135733 0.116649
    1 1.228906 0.249615 2.206319
    1 0.738501 -1.342788 -1.359642
    1 -2.504594 -0.135733 0.116649
    1 -0.738501 1.342788 -1.359642
    1 1.275481 0.184982 -2.033348
  endmolecule
endstructure
structure 1-3-difluorobenzene
  molecule
    9 0.000000 2.340835 -0.979943
    6 0.000000 1.186663 -0.307601
    6 0.000000 -1.212415 1.080627
    6 0.000000 0.000000 -1.027997
    6 0.000000 1.212415 1.080627
    6 0.000000 0.000000 1.765850
    6 0.000000 -1.186663 -0.307601
    1 0.000000 0.000000 -2.110073
    1 0.000000 2.163697 1.597716
    1 0.000000 0.000000 2.850176
    9 0.000000 -2.340835 -0.979943
    1 0.000000 -2.163697 1.597716
  endmolecule
endstructure
structure 1-4-cyclohexadiene
  molecule
    1 -2.174968 0.000000 0.869232
    6 -1.497879 0.000000 0.000000
    6 0.665245 1.252812 0.000000
    6 0.665245 -1.252812 0.000000
    6 1.497879 0.000000 0.000000
    6 -0.665245 -1.252812 0.000000
    6 -0.665245 1.252812 0.000000
    1 1.205189 2.196595 0.000000
    1 -1.205189 2.196595 0.000000
    1 2.174968 0.000000 0.869232
    1 -1.205189 -2.196595 0.000000
    1 1.205189 -2.196595 0.000000
    1 -2.174968 0.000000 -0.869232
    1 2.174968 0.000000 -0.869232
  endmolecule
endstructure
structure 1-4-difluorobenzene
  molecule
    6 0.000000 0.000000 1.372056
    6 0.000000 1.212582 0.696145
    6 0.000000 1.212582 -0.696145
    6 0.000000 0.000000 -1.372056
    6 0.000000 -1.212582 -0.696145
    6 0.000000 -1.212582 0.696145
    9 0.000000 0.000000 2.710296
    9 0.000000 0.000000 -2.710296
    1 0.000000 2.138076 1.259196
    1 0.000000 2.138076 -1.259196
    1 0.000000 -2.138076 -1.259196
    1 0.000000 -2.138076 1.259196
  endmolecule
endstructure
structure 1-4-dioxane
  molecule
    1 0.558312 1.155616 2.024144
    1 0.558312 1.155616 -2.024144
    6 0.000000 -0.762757 1.168827
    6 0.000000 -0.762757 -1.168827
    1 -0.558312 -1.155616 -2.024144
    6 0.000000 0.762757 -1.168827
    6 0.000000 0.762757 1.168827
    1 1.038503 -1.128958 1.226358
    1 1.038503 -1.128958 -1.226358
    8 -0.631966 -1.262067 0.000000
    1 -1.038503 1.128958 -1.226358
    1 -1.038503 1.128958 1.226358
    8 0.631966 1.262067 0.000000
    1 -0.558312 -1.155616 2.024144
  endmolecule
endstructure
structure 2-5-dihydrothiophene
  molecule
    16 0.000000 0.000000 1.252214
    6 0.000000 1.352248 -0.002879
    6 0.000000 -1.352248 -0.002879
    6 0.000000 0.664110 -1.337439
    6 0.000000 -0.664110 -1.337439
    1 -0.883613 1.985035 0.134173
    1 0.883613 -1.985035 0.134173
    1 0.883613 1.985035 0.134173
    1 -0.883613 -1.985035 0.134173
    1 0.000000 1.261465 -2.244154
    1 0.000000 -1.261465 -2.244154
  endmolecule
endstructure
structure 2-butyne
  molecule
    6 0.000000 0.000000 2.058184
    6 0.000000 0.000000 0.601790
    6 0.000000 0.000000 -0.601790
    6 0.000000 0.000000 -2.058184
    1 0.000000 1.020352 2.457729
    1 -0.883651 -0.510176 2.457729
    1 0.883651 -0.510176 2.457729
    1 0.000000 1.020352 -2.457729
    1 0.883651 -0.510176 -2.457729
    1 -0.883651 -0.510176 -2.457729
  endmolecule
endstructure
structure 2-methyl-thiophene
  molecule
    1 0.032812 -2.738586 0.000000
    16 -1.079751 -0.550938 0.000000
    6 0.000000 0.814578 0.000000
    1 2.137520 1.070999 0.000000
    1 2.387330 -1.548110 0.000000
    6 0.232293 -1.677941 0.000000
    6 1.434078 -1.034564 0.000000
    6 1.298096 0.385626 0.000000
    6 -0.519600 2.219834 0.000000
    1 0.317466 2.923393 0.000000
    1 -1.134156 2.431056 0.882141
    1 -1.134156 2.431056 -0.882141
  endmolecule
endstructure
structure 3-methylpentane
  molecule
    6 -0.081182 -0.183951 0.000000
    6 -0.329622 0.663678 1.262826
    6 -0.329622 0.663678 -1.262826
    6 -0.329622 -0.117527 2.580998
    6 -0.329622 -0.117527 -2.580998
    6 1.319386 -0.813779 0.000000
    1 -0.819849 -1.001029 0.000000
    1 -1.297570 1.169957 1.155093
    1 -1.297570 1.169957 -1.155093
    1 0.424055 1.462398 1.310627
    1 0.424055 1.462398 -1.310627
    1 -0.583635 0.536267 3.421495
    1 -0.583635 0.536267 -3.421495
    1 -1.066097 -0.929018 2.559187
    1 -1.066097 -0.929018 -2.559187
    1 0.646469 -0.561715 2.797965
    1 0.646469 -0.561715 -2.797965
    1 2.093676 -0.036246 0.000000
    1 1.480719 -1.442968 0.879850
    1 1.480719 -1.442968 -0.879850
  endmolecule
endstructure
structure acetaldehyde-dimethyl-acetal
  molecule
    1 1.274064 1.368422 -1.159094
    6 0.960251 1.608745 -0.140307
    6 0.046195 0.525990 0.418728
    1 -0.354930 0.830486 1.397699
    1 1.844471 1.716607 0.492955
    1 0.424526 2.560536 -0.168649
    8 0.697874 -0.693408 0.707689
    8 -1.007135 0.361261 -0.497853
    6 1.368158 -1.304542 -0.382918
    6 -2.080923 -0.416151 0.000224
    1 1.613990 -2.321176 -0.067096
    1 -2.826809 -0.478492 -0.795261
    1 2.301045 -0.783849 -0.637873
    1 0.732444 -1.349498 -1.274868
    1 -2.538917 0.056485 0.882395
    1 -1.757880 -1.426594 0.276738
  endmolecule
endstructure
structure acetaldehyde
  molecule
    8 1.201911 0.394061 0.000000
    6 0.000000 0.461828 0.000000
    1 -0.515182 1.450292 0.000000
    6 -0.928752 -0.725368 0.000000
    1 -0.361448 -1.657339 0.000000
    1 -1.583072 -0.682101 0.879126
    1 -1.583072 -0.682101 -0.879126
  endmolecule
endstructure
structure acetamide
  molecule
    6 -1.373094 -0.296883 -0.000594
    6 0.081087 0.154457 -0.007551
    8 0.413797 1.321871 0.004397
    7 0.994176 -0.865791 -0.027264
    1 1.966627 -0.628010 0.080985
    1 0.722957 -1.827051 0.082012
    1 -1.541784 -1.155894 -0.656737
    1 -1.665543 -0.585439 1.015056
    1 -1.999817 0.536525 -0.316769
  endmolecule
endstructure
structure acetic-acid
  molecule
    6 0.000000 0.158043 0.000000
    8 0.194257 1.345976 0.000000
    8 -1.245146 -0.377942 0.000000
    1 -1.859053 0.371753 0.000000
    6 1.057005 -0.916388 0.000000
    1 2.044007 -0.456680 0.000000
    1 0.940063 -1.554642 0.880447
    1 0.940063 -1.554642 -0.880447
  endmolecule
endstructure
structure acetic-anhydride
  molecule
    8 0.000000 0.000000 0.596246
    6 0.000000 1.211006 -0.090837
    8 0.477660 1.351079 -1.173995
    6 -0.627240 2.276648 0.767244
    6 0.000000 -1.211006 -0.090837
    8 -0.477660 -1.351079 -1.173995
    6 0.627240 -2.276648 0.767244
    1 0.498137 -3.249189 0.293957
    1 0.178095 -2.274154 1.763881
    1 1.693602 -2.062474 0.890691
    1 -0.498137 3.249189 0.293957
    1 -0.178095 2.274154 1.763881
    1 -1.693602 2.062474 0.890691
  endmolecule
endstructure
structure acetone
  molecule
    8 0.000000 0.000000 1.398005
    6 0.000000 0.000000 0.189359
    6 0.000000 1.290161 -0.614232
    6 0.000000 -1.290161 -0.614232
    1 0.000000 2.147717 0.059348
    1 0.000000 -2.147717 0.059348
    1 -0.879355 1.333032 -1.267025
    1 0.879355 1.333032 -1.267025
    1 0.879355 -1.333032 -1.267025
    1 -0.879355 -1.333032 -1.267025
  endmolecule
endstructure
structure acetyl-chloride
  molecule
    6 0.000000 0.546177 0.000000
    6 1.490995 0.722365 0.000000
    17 -0.458320 -1.228046 0.000000
    8 -0.839369 1.376054 0.000000
    1 1.727644 1.787401 0.000000
    1 1.916389 0.234846 0.880975
    1 1.916389 0.234846 -0.880975
  endmolecule
endstructure
structure acetyl-fluoride
  molecule
    6 0.000000 0.187676 0.000000
    8 0.167070 1.360649 0.000000
    9 -1.248134 -0.329053 0.000000
    6 1.019989 -0.912028 0.000000
    1 2.022938 -0.487877 0.000000
    1 0.876888 -1.544863 0.880608
    1 0.876888 -1.544863 -0.880608
  endmolecule
endstructure
structure acrylonitrile
  molecule
    6 1.316706 0.985198 0.000000
    6 0.000000 0.769897 0.000000
    6 -0.577466 -0.534082 0.000000
    1 2.028491 0.167905 0.000000
    1 1.714374 1.993335 0.000000
    1 -0.705265 1.595679 0.000000
    7 -1.067578 -1.583285 0.000000
  endmolecule
endstructure
structure alcl3
  molecule
    13 0.000000 0.000000 0.000000
    17 0.000000 2.080077 0.000000
    17 1.801400 -1.040039 0.000000
    17 -1.801400 -1.040039 0.000000
  endmolecule
endstructure
structure alf3
  molecule
    13 0.000000 0.000000 0.000000
    9 0.000000 1.631491 0.000000
    9 1.412913 -0.815746 0.000000
    9 -1.412913 -0.815746 0.000000
  endmolecule
endstructure
structure allene
  molecule
    6 0.000000 0.000000 0.000000
    6 0.000000 0.000000 1.301421
    6 0.000000 0.000000 -1.301421
    1 0.000000 0.925916 1.869276
    1 0.000000 -0.925916 1.869276
    1 0.925916 0.000000 -1.869276
    1 -0.925916 0.000000 -1.869276
  endmolecule
endstructure
structure aniline
  molecule
    6 0.004487 0.936672 0.000000
    6 0.003118 0.220651 1.205191
    6 0.003118 0.220651 -1.205191
    6 0.003118 -1.169362 1.199884
    6 0.003118 -1.169362 -1.199884
    6 0.002965 -1.877721 0.000000
    7 0.067048 2.333270 0.000000
    1 -0.301991 2.769645 -0.832712
    1 -0.301991 2.769645 0.832712
    1 0.000443 -1.702453 2.145482
    1 0.000443 -1.702453 -2.145482
    1 0.001728 -2.961723 0.000000
    1 0.006248 0.762639 2.146684
    1 0.006248 0.762639 -2.146684
  endmolecule
endstructure
structure aziridine
  molecule
    6 -0.038191 -0.396782 0.741555
    7 -0.038191 0.874288 0.000000
    6 -0.038191 -0.396782 -0.741555
    1 0.897250 1.271957 0.000000
    1 -0.954816 -0.606894 1.285159
    1 -0.954816 -0.606894 -1.285159
    1 0.869001 -0.708403 1.252752
    1 0.869001 -0.708403 -1.252752
  endmolecule
endstructure
structure azulene
  molecule
    6 -2.174656 1.605746 0.000000
    6 -0.844972 2.050513 0.000000
    6 -2.209019 0.203948 0.000000
    6 0.000000 0.930824 0.000000
    6 -0.890272 -0.274574 0.000000
    6 1.387828 0.951561 0.000000
    6 -0.500623 -1.606958 0.000000
    6 2.283865 -0.116405 0.000000
    6 0.784198 -2.148037 0.000000
    6 2.009460 -1.483058 0.000000
    1 -3.045837 2.249269 0.000000
    1 -0.513424 3.079842 0.000000
    1 -3.095484 -0.415360 0.000000
    1 1.836554 1.943909 0.000000
    1 -1.316337 -2.328595 0.000000
    1 3.336741 0.152006 0.000000
    1 0.838230 -3.233235 0.000000
    1 2.884711 -2.129199 0.000000
  endmolecule
endstructure
structure bcl3
  molecule
    5 0.000000 0.000000 0.000000
    17 0.000000 1.750738 0.000000
    17 1.516183 -0.875369 0.000000
    17 -1.516183 -0.875369 0.000000
  endmolecule
endstructure
structure beh
  molecule
    4 0.000000 0.000000 0.268768
    1 0.000000 0.000000 -1.075071
  endmolecule
endstructure
structure benzene
  molecule
    6 0.000000 1.393557 0.000000
    6 1.206855 0.696778 0.000000
    6 1.206855 -0.696778 0.000000
    6 0.000000 -1.393557 0.000000
    6 -1.206855 -0.696778 0.000000
    6 -1.206855 0.696778 0.000000
    1 0.000000 2.478749 0.000000
    1 2.146660 1.239375 0.000000
    1 2.146660 -1.239375 0.000000
    1 0.000000 -2.478749 0.000000
    1 -2.146660 -1.239375 0.000000
    1 -2.146660 1.239375 0.000000
  endmolecule
endstructure
structure benzoquinone
  molecule
    6 0.000000 0.000000 1.445056
    6 0.000000 0.000000 -1.445056
    8 0.000000 0.000000 2.662996
    8 0.000000 0.000000 -2.662996
    6 0.000000 1.266751 0.669452
    6 0.000000 -1.266751 0.669452
    6 0.000000 -1.266751 -0.669452
    6 0.000000 1.266751 -0.669452
    1 0.000000 2.178129 1.258744
    1 0.000000 -2.178129 1.258744
    1 0.000000 -2.178129 -1.258744
    1 0.000000 2.178129 -1.258744
  endmolecule
endstructure
structure bf3
  molecule
    5 0.000000 0.000000 0.000000
    9 0.000000 1.308813 0.000000
    9 1.133465 -0.654406 0.000000
    9 -1.133465 -0.654406 0.000000
  endmolecule
endstructure
structure bicyclobutane
  molecule
    6 0.000000 1.135138 0.314624
    6 0.000000 -1.135138 0.314624
    6 0.743273 0.000000 -0.321546
    6 -0.743273 0.000000 -0.321546
    1 0.000000 1.235510 1.402410
    1 0.000000 2.083685 -0.217775
    1 0.000000 -1.235510 1.402410
    1 0.000000 -2.083685 -0.217775
    1 1.441145 0.000000 -1.143103
    1 -1.441145 0.000000 -1.143103
  endmolecule
endstructure
structure butadiene
  molecule
    6 0.599586 1.747721 0.000000
    6 0.599586 0.411296 0.000000
    6 -0.599586 -0.411296 0.000000
    6 -0.599586 -1.747721 0.000000
    1 1.519740 2.320752 0.000000
    1 -0.326860 2.314715 0.000000
    1 1.547612 -0.124729 0.000000
    1 -1.547612 0.124729 0.000000
    1 0.326860 -2.314715 0.000000
    1 -1.519740 -2.320752 0.000000
  endmolecule
endstructure
structure butanedinitrile
  molecule
    6 -0.424068 1.837402 0.000000
    7 -1.111347 2.765674 0.000000
    6 0.424068 0.648281 0.000000
    1 1.074107 0.670572 0.880045
    1 1.074107 0.670572 -0.880045
    6 -0.424068 -0.648281 0.000000
    1 -1.074107 -0.670572 0.880045
    6 0.424068 -1.837402 0.000000
    1 -1.074107 -0.670572 -0.880045
    7 1.111347 -2.765674 0.000000
  endmolecule
endstructure
structure butyn-3-one
  molecule
    1 1.946937 0.251433 0.879965
    6 1.496343 0.723157 0.000000
    1 1.704087 1.794001 0.000000
    6 0.000000 0.496582 0.000000
    1 1.946937 0.251433 -0.879965
    8 -0.810480 1.396456 0.000000
    6 -0.418702 -0.898086 0.000000
    6 -0.752312 -2.054671 0.000000
    1 -1.066096 -3.070409 0.000000
  endmolecule
endstructure
structure c2cl4
  molecule
    6 0.000000 0.000000 0.671770
    6 0.000000 0.000000 -0.671770
    17 0.000000 1.454412 1.596936
    17 0.000000 -1.454412 1.596936
    17 0.000000 -1.454412 -1.596936
    17 0.000000 1.454412 -1.596936
  endmolecule
endstructure
structure c2f4
  molecule
    6 0.000000 0.000000 0.661734
    6 0.000000 0.000000 -0.661734
    9 0.000000 1.098604 1.383197
    9 0.000000 -1.098604 1.383197
    9 0.000000 1.098604 -1.383197
    9 0.000000 -1.098604 -1.383197
  endmolecule
endstructure
structure c2f6
  molecule
    6 0.000000 0.000000 0.774064
    6 0.000000 0.000000 -0.774064
    9 0.000000 1.251306 1.222131
    9 -1.083663 -0.625653 1.222131
    9 1.083663 -0.625653 1.222131
    9 0.000000 -1.251306 -1.222131
    9 -1.083663 0.625653 -1.222131
    9 1.083663 0.625653 -1.222131
  endmolecule
endstructure
structure c2h2
  molecule
    6 0.000000 0.000000 0.599455
    6 0.000000 0.000000 -0.599455
    1 0.000000 0.000000 -1.661636
    1 0.000000 0.000000 1.661636
  endmolecule
endstructure
structure c2h3
  molecule
    6 0.048084 -0.585568 0.000000
    6 0.048084 0.719975 0.000000
    1 -0.878292 -1.168078 0.000000
    1 0.966937 -1.169358 0.000000
    1 -0.665657 1.530998 0.000000
  endmolecule
endstructure
structure c2h4
  molecule
    6 0.000000 0.000000 0.663625
    6 0.000000 0.000000 -0.663625
    1 0.000000 0.921419 1.237947
    1 0.000000 -0.921419 1.237947
    1 0.000000 0.921419 -1.237947
    1 0.000000 -0.921419 -1.237947
  endmolecule
endstructure
structure c2h5
  molecule
    6 -0.011306 -0.693173 0.000000
    6 -0.011306 0.794548 0.000000
    1 1.011529 -1.108146 0.000000
    1 -0.508737 -1.101453 0.886743
    1 -0.508737 -1.101453 -0.886743
    1 0.070808 1.351400 0.926269
    1 0.070808 1.351400 -0.926269
  endmolecule
endstructure
structure c2h6
  molecule
    6 0.000000 0.000000 0.765057
    6 0.000000 0.000000 -0.765057
    1 0.000000 1.019538 1.164020
    1 -0.882946 -0.509769 1.164020
    1 0.882946 -0.509769 1.164020
    1 0.000000 -1.019538 -1.164020
    1 -0.882946 0.509769 -1.164020
    1 0.882946 0.509769 -1.164020
  endmolecule
endstructure
structure cch
  molecule
    6 0.013467 -0.731907 0.000000
    6 0.013467 0.477370 0.000000
    1 -0.161608 1.527222 0.000000
  endmolecule
endstructure
structure ccl4
  molecule
    6 0.000000 0.000000 0.000000
    17 1.030252 1.030252 1.030252
    17 -1.030252 -1.030252 1.030252
    17 -1.030252 1.030252 -1.030252
    17 1.030252 -1.030252 -1.030252
  endmolecule
endstructure
structure cf3cl
  molecule
    6 0.000000 0.000000 -0.366486
    17 0.000000 0.000000 1.420125
    9 0.000000 1.243636 -0.812712
    9 1.077021 -0.621818 -0.812712
    9 -1.077021 -0.621818 -0.812712
  endmolecule
endstructure
structure cf3cn
  molecule
    6 0.000000 0.000000 -0.327611
    6 0.000000 0.000000 1.158088
    9 0.000000 1.248584 -0.783553
    9 1.081306 -0.624292 -0.783553
    9 -1.081306 -0.624292 -0.783553
    7 0.000000 0.000000 2.310437
  endmolecule
endstructure
structure cf3
  molecule
    6 0.000000 0.000000 0.323309
    9 0.000000 1.257269 -0.071846
    9 1.088827 -0.628635 -0.071846
    9 -1.088827 -0.628635 -0.071846
  endmolecule
endstructure
structure cf4
  molecule
    6 0.000000 0.000000 0.000000
    9 0.762948 0.762948 0.762948
    9 -0.762948 -0.762948 0.762948
    9 -0.762948 0.762948 -0.762948
    9 0.762948 -0.762948 -0.762948
  endmolecule
endstructure
structure ch2cl2
  molecule
    6 0.000000 0.000000 0.769086
    17 0.000000 1.488757 -0.216708
    17 0.000000 -1.488757 -0.216708
    1 -0.900392 0.000000 1.376772
    1 0.900392 0.000000 1.376772
  endmolecule
endstructure
structure ch2f2
  molecule
    6 0.000000 0.000000 0.496181
    9 0.000000 1.099757 -0.288845
    9 0.000000 -1.099757 -0.288845
    1 -0.909155 0.000000 1.111059
    1 0.909155 0.000000 1.111059
  endmolecule
endstructure
structure ch2sing
  molecule
    6 0.000000 0.000000 0.179998
    1 0.000000 0.854872 -0.539995
    1 0.000000 -0.854872 -0.539995
  endmolecule
endstructure
structure ch2trip
  molecule
    6 0.000000 0.000000 0.105935
    1 0.000000 0.994489 -0.317804
    1 0.000000 -0.994489 -0.317804
  endmolecule
endstructure
structure ch3ch2o
  molecule
    6 0.991794 -0.608566 0.000000
    6 0.000000 0.588065 0.000000
    8 -1.254290 0.049476 0.000000
    1 0.194790 1.194438 0.901295
    1 0.194790 1.194438 -0.901295
    1 2.011619 -0.214905 0.000000
    1 0.841177 -1.223384 0.889458
    1 0.841177 -1.223384 -0.889458
  endmolecule
endstructure
structure ch3chch3
  molecule
    6 0.011464 0.533613 0.000000
    6 0.011464 -0.196938 1.299298
    6 0.011464 -0.196938 -1.299298
    1 -0.236191 1.591063 0.000000
    1 0.262576 0.458771 2.138978
    1 0.262576 0.458771 -2.138978
    1 -0.973254 -0.642461 1.528548
    1 0.725596 -1.031050 1.293345
    1 -0.973254 -0.642461 -1.528548
    1 0.725596 -1.031050 -1.293345
  endmolecule
endstructure
structure ch3cl
  molecule
    6 0.000000 0.000000 -1.136781
    17 0.000000 0.000000 0.662178
    1 0.000000 1.033705 -1.478781
    1 0.895215 -0.516852 -1.478781
    1 -0.895215 -0.516852 -1.478781
  endmolecule
endstructure
structure ch3co
  molecule
    6 -0.966284 -0.666595 0.000000
    6 0.000000 0.501222 0.000000
    1 -0.436882 -1.625629 0.000000
    1 -1.610854 -0.586971 0.880027
    1 -1.610854 -0.586971 -0.880027
    8 1.182037 0.473976 0.000000
  endmolecule
endstructure
structure ch3o
  molecule
    6 -0.011148 -0.571469 0.000000
    8 -0.011148 0.790976 0.000000
    1 1.059118 -0.867734 0.000000
    1 -0.451525 -1.015630 0.908538
    1 -0.451525 -1.015630 -0.908538
  endmolecule
endstructure
structure ch3s
  molecule
    6 -0.004498 1.110498 0.000000
    16 -0.004498 -0.694219 0.000000
    1 1.048644 1.419582 0.000000
    1 -0.474842 1.512468 0.899830
    1 -0.474842 1.512468 -0.899830
  endmolecule
endstructure
structure ch3
  molecule
    6 0.000000 0.000000 0.000000
    1 0.000000 1.081259 0.000000
    1 0.936398 -0.540630 0.000000
    1 -0.936398 -0.540630 0.000000
  endmolecule
endstructure
structure ch4
  molecule
    6 0.000000 0.000000 0.000000
    1 0.630367 0.630367 0.630367
    1 -0.630367 -0.630367 0.630367
    1 0.630367 -0.630367 -0.630367
    1 -0.630367 0.630367 -0.630367
  endmolecule
endstructure
structure chcl3
  molecule
    6 0.000000 0.000000 0.456842
    1 0.000000 0.000000 1.541377
    17 0.000000 1.696797 -0.083969
    17 1.469469 -0.848398 -0.083969
    17 -1.469469 -0.848398 -0.083969
  endmolecule
endstructure
structure chf3
  molecule
    6 0.000000 0.000000 0.336108
    1 0.000000 0.000000 1.431598
    9 0.000000 1.250273 -0.127713
    9 1.082768 -0.625136 -0.127713
    9 -1.082768 -0.625136 -0.127713
  endmolecule
endstructure
structure chlorobenzene
  molecule
    6 0.000000 0.000000 0.502792
    6 0.000000 0.000000 -2.268362
    17 0.000000 0.000000 2.256566
    6 0.000000 1.213848 -0.176742
    6 0.000000 -1.213848 -0.176742
    1 0.000000 0.000000 -3.352738
    6 0.000000 -1.205079 -1.569614
    6 0.000000 1.205079 -1.569614
    1 0.000000 2.144597 0.377150
    1 0.000000 -2.144597 0.377150
    1 0.000000 -2.147618 -2.106752
    1 0.000000 2.147618 -2.106752
  endmolecule
endstructure
structure ch
  molecule
    6 0.000000 0.000000 0.161547
    1 0.000000 0.000000 -0.969283
  endmolecule
endstructure
structure cl2o2s
  molecule
    16 0.000000 0.000000 0.518472
    8 0.000000 1.256751 1.192687
    8 0.000000 -1.256751 1.192687
    17 1.579569 0.000000 -0.805251
    17 -1.579569 0.000000 -0.805251
  endmolecule
endstructure
structure cl2s2
  molecule
    16 0.621729 0.759789 0.739933
    16 -0.621729 -0.759789 0.739933
    17 0.000000 2.157671 -0.696408
    17 0.000000 -2.157671 -0.696408
  endmolecule
endstructure
structure cl2
  molecule
    17 0.000000 0.000000 1.008596
    17 0.000000 0.000000 -1.008596
  endmolecule
endstructure
structure clf3
  molecule
    17 0.000000 0.000000 0.364789
    9 0.000000 0.000000 -1.261248
    9 0.000000 1.712713 0.286101
    9 0.000000 -1.712713 0.286101
  endmolecule
endstructure
structure clno
  molecule
    17 -0.527895 -0.941643 0.000000
    7 0.000000 0.977183 0.000000
    8 1.121776 1.145957 0.000000
  endmolecule
endstructure
structure clo
  molecule
    17 0.000000 0.000000 0.509606
    8 0.000000 0.000000 -1.082912
  endmolecule
endstructure
structure cn
  molecule
    6 0.000000 0.000000 -0.629709
    7 0.000000 0.000000 0.539750
  endmolecule
endstructure
structure co2
  molecule
    6 0.000000 0.000000 0.000000
    8 0.000000 0.000000 1.162888
    8 0.000000 0.000000 -1.162888
  endmolecule
endstructure
structure co
  molecule
    8 0.000000 0.000000 0.484677
    6 0.000000 0.000000 -0.646237
  endmolecule
endstructure
structure crotonaldehyde
  molecule
    1 2.822137 -0.986987 0.877710
    6 2.381518 -0.498063 0.000000
    1 2.682249 0.552401 0.000000
    6 0.896444 -0.653803 0.000000
    1 2.822137 -0.986987 -0.877710
    6 0.000000 0.339360 0.000000
    1 0.521694 -1.678501 0.000000
    1 0.295494 1.385466 0.000000
    6 -1.441732 0.061393 0.000000
    8 -2.308238 0.905748 0.000000
    1 -1.695187 -1.024705 0.000000
  endmolecule
endstructure
structure cs2
  molecule
    16 0.000000 0.000000 1.556008
    6 0.000000 0.000000 0.000000
    16 0.000000 0.000000 -1.556008
  endmolecule
endstructure
structure cyanogen
  molecule
    7 0.000000 0.000000 1.845904
    6 0.000000 0.000000 0.687841
    6 0.000000 0.000000 -0.687841
    7 0.000000 0.000000 -1.845904
  endmolecule
endstructure
structure cyclobutane
  molecule
    6 0.000000 1.084431 0.124631
    6 0.000000 -1.084431 0.124631
    6 -1.084431 0.000000 -0.124631
    6 1.084431 0.000000 -0.124631
    1 0.000000 1.965057 -0.522570
    1 0.000000 1.421868 1.165508
    1 0.000000 -1.965057 -0.522570
    1 0.000000 -1.421868 1.165508
    1 -1.965057 0.000000 0.522570
    1 -1.421868 0.000000 -1.165508
    1 1.965057 0.000000 0.522570
    1 1.421868 0.000000 -1.165508
  endmolecule
endstructure
structure cyclobutene
  molecule
    6 0.000000 0.668872 0.814519
    6 0.000000 -0.668872 0.814519
    6 0.000000 0.785926 -0.699269
    6 0.000000 -0.785926 -0.699269
    1 0.000000 1.417767 1.598540
    1 0.000000 -1.417767 1.598540
    1 0.888243 1.246494 -1.145019
    1 -0.888243 1.246494 -1.145019
    1 -0.888243 -1.246494 -1.145019
    1 0.888243 -1.246494 -1.145019
  endmolecule
endstructure
structure cyclohexane
  molecule
    6 -1.269340 0.732854 0.229778
    6 0.000000 -1.465708 0.229778
    6 1.269340 0.732854 0.229778
    6 0.000000 1.465708 -0.229778
    6 -1.269340 -0.732854 -0.229778
    6 1.269340 -0.732854 -0.229778
    1 -1.326984 0.766135 1.327026
    1 -2.161963 1.248210 -0.143145
    1 0.000000 -1.532269 1.327026
    1 0.000000 -2.496419 -0.143145
    1 1.326984 0.766135 1.327026
    1 2.161963 1.248210 -0.143145
    1 0.000000 1.532269 -1.327026
    1 0.000000 2.496419 0.143145
    1 -1.326984 -0.766135 -1.327026
    1 -2.161963 -1.248210 0.143145
    1 1.326984 -0.766135 -1.327026
    1 2.161963 -1.248210 0.143145
  endmolecule
endstructure
structure cyclooctatetraene
  molecule
    6 1.568570 0.668923 -0.368893
    6 1.568570 -0.668923 -0.368893
    6 -1.568570 -0.668923 -0.368893
    6 -1.568570 0.668923 -0.368893
    6 0.668919 -1.568477 0.368868
    6 -0.668919 -1.568477 0.368868
    6 -0.668919 1.568477 0.368868
    6 0.668919 1.568477 0.368868
    1 2.366014 1.170724 -0.916956
    1 2.366014 -1.170724 -0.916956
    1 -2.366014 -1.170724 -0.916956
    1 -2.366014 1.170724 -0.916956
    1 1.170686 -2.365831 0.917106
    1 -1.170686 -2.365831 0.917106
    1 -1.170686 2.365831 0.917106
    1 1.170686 2.365831 0.917106
  endmolecule
endstructure
structure cyclopentane
  molecule
    6 0.000000 0.000000 1.307273
    6 -0.328285 0.694302 -1.030424
    6 0.328285 -0.694302 -1.030424
    6 0.000000 1.242236 0.371429
    6 0.000000 -1.242236 0.371429
    1 0.875910 0.006649 1.962450
    1 -0.875910 -0.006649 1.962450
    1 0.025840 1.343754 -1.836529
    1 -0.025840 -1.343754 -1.836529
    1 -1.414042 0.588408 -1.151328
    1 1.414042 -0.588408 -1.151328
    1 0.994642 1.701931 0.359542
    1 -0.994642 -1.701931 0.359542
    1 -0.700681 2.015745 0.698014
    1 0.700681 -2.015745 0.698014
  endmolecule
endstructure
structure cyclopentanone
  molecule
    6 0.000000 0.000000 0.929980
    8 0.000000 0.000000 2.133419
    6 0.000000 1.242968 0.029815
    6 0.000000 -1.242968 0.029815
    6 0.300361 -0.712400 -1.380176
    6 -0.300361 0.712400 -1.380176
    1 1.006956 1.678780 0.081938
    1 -1.006956 -1.678780 0.081938
    1 -0.693217 1.998847 0.405956
    1 0.693217 -1.998847 0.405956
    1 1.384427 -0.656375 -1.534970
    1 -1.384427 0.656375 -1.534970
    1 -0.107697 -1.342092 -2.174378
    1 0.107697 1.342092 -2.174378
  endmolecule
endstructure
structure cyclopropane
  molecule
    6 0.000000 0.870139 0.000000
    6 0.753562 -0.435069 0.000000
    6 -0.753562 -0.435069 0.000000
    1 0.000000 1.460917 0.909393
    1 0.000000 1.460917 -0.909393
    1 1.265191 -0.730458 -0.909393
    1 1.265191 -0.730458 0.909393
    1 -1.265191 -0.730458 0.909393
    1 -1.265191 -0.730458 -0.909393
  endmolecule
endstructure
structure cyclopropene
  molecule
    6 0.000000 0.000000 0.860518
    6 0.000000 0.645314 -0.500672
    6 0.000000 -0.645314 -0.500672
    1 -0.911822 0.000000 1.462376
    1 0.911822 0.000000 1.462376
    1 0.000000 1.576073 -1.039899
    1 0.000000 -1.576073 -1.039899
  endmolecule
endstructure
structure diethyl-disulfide
  molecule
    1 -2.361430 3.118000 1.385874
    1 -3.133761 1.613307 0.863367
    1 -2.585522 2.791715 -0.340631
    6 -2.345133 2.332972 0.623125
    1 -0.185257 2.381152 0.340393
    1 -0.732940 1.213805 1.558922
    6 -0.970790 1.665733 0.592864
    16 -0.970790 0.344560 -0.693991
    16 0.970790 -0.344560 -0.693991
    6 0.970790 -1.665733 0.592864
    6 2.345133 -2.332972 0.623125
    1 0.185257 -2.381152 0.340393
    1 0.732940 -1.213805 1.558922
    1 2.361430 -3.118000 1.385874
    1 3.133761 -1.613307 0.863367
    1 2.585522 -2.791715 -0.340631
  endmolecule
endstructure
structure diethyl-ether
  molecule
    1 0.000000 3.309415 -0.156974
    6 0.000000 2.376773 0.415186
    1 0.885905 2.362050 1.056429
    6 0.000000 1.179113 -0.519807
    1 -0.885905 2.362050 1.056429
    1 0.885951 1.202051 -1.177819
    1 -0.885951 1.202051 -1.177819
    8 0.000000 0.000000 0.256870
    6 0.000000 -1.179113 -0.519807
    6 0.000000 -2.376773 0.415186
    1 0.885951 -1.202051 -1.177819
    1 -0.885951 -1.202051 -1.177819
    1 0.000000 -3.309415 -0.156974
    1 -0.885905 -2.362050 1.056429
    1 0.885905 -2.362050 1.056429
  endmolecule
endstructure
structure diethyl-ketone
  molecule
    1 0.000000 3.451892 -0.491107
    6 0.000000 2.553095 0.131911
    1 0.879481 2.580096 0.780174
    6 0.000000 1.295116 -0.733084
    1 -0.879481 2.580096 0.780174
    1 0.870717 1.274332 -1.403206
    1 -0.870717 1.274332 -1.403206
    6 0.000000 0.000000 0.071801
    8 0.000000 0.000000 1.282202
    6 0.000000 -1.295116 -0.733084
    6 0.000000 -2.553095 0.131911
    1 0.870717 -1.274332 -1.403206
    1 -0.870717 -1.274332 -1.403206
    1 -0.879481 -2.580096 0.780174
    1 0.879481 -2.580096 0.780174
    1 0.000000 -3.451892 -0.491107
  endmolecule
endstructure
structure diisopropyl-ether
  molecule
    8 0.000000 0.000000 0.526235
    6 -0.328107 1.164086 -0.227924
    6 0.328107 -1.164086 -0.227924
    6 0.000000 2.365079 0.653287
    6 0.000000 -2.365079 0.653287
    6 -1.800608 1.143288 -0.649816
    6 1.800608 -1.143288 -0.649816
    1 0.300101 1.207457 -1.131548
    1 -0.300101 -1.207457 -1.131548
    1 -2.029437 0.264754 -1.260754
    1 2.029437 -0.264754 -1.260754
    1 -2.049429 2.032638 -1.238368
    1 2.049429 -2.032638 -1.238368
    1 -2.445013 1.120459 0.234864
    1 2.445013 -1.120459 0.234864
    1 1.059864 2.365915 0.921168
    1 -1.059864 -2.365915 0.921168
    1 -0.584762 2.324100 1.577983
    1 0.584762 -2.324100 1.577983
    1 -0.233227 3.302103 0.138433
    1 0.233227 -3.302103 0.138433
  endmolecule
endstructure
structure dimethylamine
  molecule
    6 -0.026899 -0.221299 1.212998
    7 -0.026899 0.582750 0.000000
    6 -0.026899 -0.221299 -1.212998
    1 0.797964 -0.955799 1.272568
    1 0.032090 0.430599 2.089811
    1 -0.967068 -0.781746 1.278027
    1 0.785113 1.190228 0.000000
    1 0.797964 -0.955799 -1.272568
    1 0.032090 0.430599 -2.089811
    1 -0.967068 -0.781746 -1.278027
  endmolecule
endstructure
structure dimethyl-ether
  molecule
    6 0.000000 1.168863 -0.193964
    8 0.000000 0.000000 0.588125
    6 0.000000 -1.168863 -0.193964
    1 0.000000 2.021449 0.489652
    1 0.891508 1.230570 -0.839183
    1 -0.891508 1.230570 -0.839183
    1 0.000000 -2.021449 0.489652
    1 -0.891508 -1.230570 -0.839183
    1 0.891508 -1.230570 -0.839183
  endmolecule
endstructure
structure dimethyl-sulfide
  molecule
    6 0.000000 1.390269 -0.513033
    16 0.000000 0.000000 0.660214
    6 0.000000 -1.390269 -0.513033
    1 0.000000 2.307367 0.079562
    1 0.894282 1.375034 -1.141541
    1 -0.894282 1.375034 -1.141541
    1 0.000000 -2.307367 0.079562
    1 -0.894282 -1.375034 -1.141541
    1 0.894282 -1.375034 -1.141541
  endmolecule
endstructure
structure dimethyl-sulfone
  molecule
    16 0.000000 0.000000 0.195837
    8 -1.256976 0.000000 0.912411
    8 1.256976 0.000000 0.912411
    6 0.000000 1.410002 -0.920015
    6 0.000000 -1.410002 -0.920015
    1 0.000000 2.293728 -0.279323
    1 0.000000 -2.293728 -0.279323
    1 0.901890 1.391116 -1.533286
    1 -0.901890 1.391116 -1.533286
    1 0.901890 -1.391116 -1.533286
    1 -0.901890 -1.391116 -1.533286
  endmolecule
endstructure
structure dimethylsulfoxide
  molecule
    16 0.000085 0.244306 -0.437663
    8 0.000966 1.485238 0.387571
    6 1.357278 -0.814835 0.178699
    6 -1.358234 -0.813334 0.178791
    1 1.268849 -0.915949 1.263220
    1 -2.290893 -0.303915 -0.069922
    1 1.321503 -1.790232 -0.313209
    1 2.290528 -0.307113 -0.071356
    1 -1.324199 -1.788047 -0.314678
    1 -1.269148 -0.916540 1.263046
  endmolecule
endstructure
structure divinyl-ether
  molecule
    8 0.000000 0.000000 0.329071
    6 0.000000 1.170230 -0.369511
    6 0.000000 -1.170230 -0.369511
    6 0.000000 2.352048 0.233278
    6 0.000000 -2.352048 0.233278
    1 0.000000 1.057054 -1.451952
    1 0.000000 -1.057054 -1.451952
    1 0.000000 3.256400 -0.359452
    1 0.000000 -3.256400 -0.359452
    1 0.000000 2.439290 1.312517
    1 0.000000 -2.439290 1.312517
  endmolecule
endstructure
structure ethanethiol
  molecule
    6 1.520861 0.701347 0.000000
    6 0.000000 0.833751 0.000000
    16 -0.757946 -0.845429 0.000000
    1 -2.044278 -0.448736 0.000000
    1 -0.340309 1.372383 0.887260
    1 -0.340309 1.372383 -0.887260
    1 1.983610 1.693263 0.000000
    1 1.871629 0.163491 0.885759
    1 1.871629 0.163491 -0.885759
  endmolecule
endstructure
structure ethanol
  molecule
    6 1.171409 -0.413467 0.000000
    6 0.000000 0.554551 0.000000
    8 -1.198266 -0.210054 0.000000
    1 -1.942330 0.398846 0.000000
    1 0.053228 1.206868 0.886522
    1 0.053228 1.206868 -0.886522
    1 2.121074 0.129981 0.000000
    1 1.136237 -1.054317 0.885805
    1 1.136237 -1.054317 -0.885805
  endmolecule
endstructure
structure ethyl-chloride
  molecule
    6 0.000000 0.819875 0.000000
    6 1.510484 0.673903 0.000000
    17 -0.824443 -0.798765 0.000000
    1 -0.363202 1.338585 0.887779
    1 -0.363202 1.338585 -0.887779
    1 1.971021 1.668666 0.000000
    1 1.854007 0.135253 0.886551
    1 1.854007 0.135253 -0.886551
  endmolecule
endstructure
structure f2o
  molecule
    9 0.000000 1.098679 -0.264859
    8 0.000000 0.000000 0.595932
    9 0.000000 -1.098679 -0.264859
  endmolecule
endstructure
structure f2
  molecule
    9 0.000000 0.000000 0.694196
    9 0.000000 0.000000 -0.694196
  endmolecule
endstructure
structure fcl
  molecule
    9 0.000000 0.000000 -1.074491
    17 0.000000 0.000000 0.568848
  endmolecule
endstructure
structure fluorobenzene
  molecule
    9 0.000000 0.000000 2.272028
    6 0.000000 0.000000 0.933609
    6 0.000000 1.214009 0.260610
    6 0.000000 -1.214009 0.260610
    6 0.000000 1.205479 -1.132270
    6 0.000000 -1.205479 -1.132270
    6 0.000000 0.000000 -1.831389
    1 0.000000 2.137340 0.827733
    1 0.000000 -2.137340 0.827733
    1 0.000000 2.147204 -1.670752
    1 0.000000 -2.147204 -1.670752
    1 0.000000 0.000000 -2.915616
  endmolecule
endstructure
structure formic-acid
  molecule
    8 -1.029440 -0.444714 0.000000
    6 0.000000 0.419902 0.000000
    8 1.159172 0.115863 0.000000
    1 -0.646253 -1.336697 0.000000
    1 -0.391599 1.448093 0.000000
  endmolecule
endstructure
structure furan
  molecule
    8 0.000000 0.000000 1.157167
    6 0.000000 1.091856 0.347277
    6 0.000000 -1.091856 0.347277
    6 0.000000 0.717265 -0.957925
    6 0.000000 -0.717265 -0.957925
    1 0.000000 2.044972 0.849510
    1 0.000000 -2.044972 0.849510
    1 0.000000 1.372975 -1.814290
    1 0.000000 -1.372975 -1.814290
  endmolecule
endstructure
structure glyoxal
  molecule
    6 0.000000 0.762874 0.000000
    6 0.000000 -0.762874 0.000000
    8 1.022172 1.396122 0.000000
    1 -1.012900 1.216509 0.000000
    8 -1.022172 -1.396122 0.000000
    1 1.012900 -1.216509 0.000000
  endmolecule
endstructure
structure h2coh
  molecule
    6 0.683163 0.028205 -0.073182
    8 -0.669726 -0.125324 0.024983
    1 -1.091045 0.734501 -0.069278
    1 1.120598 0.986715 0.193231
    1 1.229274 -0.887851 0.115274
  endmolecule
endstructure
structure h2co
  molecule
    8 0.000000 0.000000 0.674542
    6 0.000000 0.000000 -0.525538
    1 0.000000 0.937257 -1.121552
    1 0.000000 -0.937257 -1.121552
  endmolecule
endstructure
structure h2nnh2
  molecule
    7 0.000000 0.718650 -0.079021
    7 0.000000 -0.718650 -0.079021
    1 0.226817 1.094574 0.840485
    1 -0.949143 1.011985 -0.287340
    1 -0.226817 -1.094574 0.840485
    1 0.949143 -1.011985 -0.287340
  endmolecule
endstructure
structure h2o
  molecule
    8 0.000000 0.000000 0.118882
    1 0.000000 0.756653 -0.475529
    1 0.000000 -0.756653 -0.475529
  endmolecule
endstructure
structure h2
  molecule
    1 0.000000 0.000000 0.371322
    1 0.000000 0.000000 -0.371322
  endmolecule
endstructure
structure h3coh
  molecule
    6 -0.046526 0.659358 0.000000
    8 -0.046526 -0.756494 0.000000
    1 -1.092613 0.977556 0.000000
    1 0.868616 -1.050679 0.000000
    1 0.437677 1.084464 0.891861
    1 0.437677 1.084464 -0.891861
  endmolecule
endstructure
structure h3csh
  molecule
    6 -0.047994 1.160676 0.000000
    16 -0.047994 -0.668905 0.000000
    1 1.287605 -0.835974 0.000000
    1 -1.096853 1.462323 0.000000
    1 0.432553 1.556037 0.895739
    1 0.432553 1.556037 -0.895739
  endmolecule
endstructure
structure hcl
  molecule
    17 0.000000 0.000000 0.071301
    1 0.000000 0.000000 -1.212122
  endmolecule
endstructure
structure hcn
  molecule
    6 0.000000 0.000000 -0.499684
    7 0.000000 0.000000 0.652058
    1 0.000000 0.000000 -1.566306
  endmolecule
endstructure
structure hco
  molecule
    6 0.062328 0.585199 0.000000
    8 0.062328 -0.591039 0.000000
    1 -0.872596 1.217120 0.000000
  endmolecule
endstructure
structure hf
  molecule
    9 0.000000 0.000000 0.091945
    1 0.000000 0.000000 -0.827508
  endmolecule
endstructure
structure hocl
  molecule
    8 0.036356 1.108646 0.000000
    1 -0.908905 1.317510 0.000000
    17 0.036356 -0.599216 0.000000
  endmolecule
endstructure
structure hooh
  molecule
    8 0.000000 0.722944 -0.058893
    8 0.000000 -0.722944 -0.058893
    1 0.789982 0.897694 0.471145
    1 -0.789982 -0.897694 0.471145
  endmolecule
endstructure
structure isobutane
  molecule
    6 0.000000 0.000000 0.372697
    1 0.000000 0.000000 1.471975
    6 0.000000 1.460841 -0.095724
    1 0.000000 1.519584 -1.190992
    1 -0.885137 1.995765 0.264644
    1 0.885137 1.995765 0.264644
    6 1.265126 -0.730421 -0.095724
    1 1.315999 -0.759792 -1.190992
    1 2.170952 -0.231331 0.264644
    1 1.285815 -1.764434 0.264644
    6 -1.265126 -0.730421 -0.095724
    1 -1.315999 -0.759792 -1.190992
    1 -1.285815 -1.764434 0.264644
    1 -2.170952 -0.231331 0.264644
  endmolecule
endstructure
structure isobutene
  molecule
    6 0.000000 0.000000 1.456806
    6 0.000000 0.000000 0.124318
    1 0.000000 0.923271 2.027597
    1 0.000000 -0.923271 2.027597
    6 0.000000 1.275184 -0.677861
    1 0.000000 2.159511 -0.035788
    1 0.878427 1.327722 -1.334009
    1 -0.878427 1.327722 -1.334009
    6 0.000000 -1.275184 -0.677861
    1 0.000000 -2.159511 -0.035788
    1 -0.878427 -1.327722 -1.334009
    1 0.878427 -1.327722 -1.334009
  endmolecule
endstructure
structure isoprene
  molecule
    6 -1.584953 -0.908325 0.000006
    6 -0.515064 -0.101468 -0.000005
    6 0.832191 -0.676578 -0.000010
    6 1.981391 0.004861 0.000008
    6 -0.659229 1.399279 -0.000007
    1 -1.479290 -1.988566 0.000017
    1 -2.596996 -0.518076 0.000009
    1 0.867972 -1.764689 -0.000026
    1 2.938236 -0.505029 0.000003
    1 2.013755 1.088954 0.000028
    1 -0.179340 1.843067 -0.879971
    1 -1.710813 1.694694 -0.000105
    1 -0.179545 1.843033 0.880089
  endmolecule
endstructure
structure isopropanol
  molecule
    8 0.038706 1.368897 -0.162149
    6 -0.001654 0.043966 0.364364
    1 0.883304 1.758954 0.084134
    1 0.005996 0.082126 1.467178
    6 -1.326286 -0.557383 -0.089657
    6 1.202419 -0.775249 -0.103035
    1 -1.358423 -0.621773 -1.182132
    1 1.220167 -0.835468 -1.196091
    1 -2.159936 0.068449 0.239838
    1 2.141926 -0.317586 0.229035
    1 -1.459027 -1.561757 0.323191
    1 1.169479 -1.792117 0.302006
  endmolecule
endstructure
structure isopropyl-acetate
  molecule
    1 2.390360 -0.685712 1.523679
    6 2.455046 -0.649671 0.432437
    1 3.369528 -0.140658 0.130521
    6 1.260601 0.083456 -0.132398
    1 2.465463 -1.682944 0.074310
    8 1.312621 1.080916 -0.808712
    8 0.115829 -0.534978 0.222199
    6 -1.127280 0.050146 -0.251403
    6 -1.550929 1.178812 0.682853
    6 -2.131836 -1.090835 -0.318151
    1 -0.937034 0.456240 -1.248803
    1 -0.800909 1.972525 0.688744
    1 -1.684031 0.804884 1.703161
    1 -2.500515 1.607227 0.347048
    1 -3.089953 -0.725765 -0.699850
    1 -2.298433 -1.520941 0.674497
    1 -1.775693 -1.883808 -0.981231
  endmolecule
endstructure
structure ketene
  molecule
    6 0.000000 0.000000 -1.206963
    6 0.000000 0.000000 0.101326
    1 0.000000 0.938385 -1.742541
    1 0.000000 -0.938385 -1.742541
    8 0.000000 0.000000 1.264863
  endmolecule
endstructure
structure li2
  molecule
    3 0.000000 0.000000 1.360602
    3 0.000000 0.000000 -1.360602
  endmolecule
endstructure
structure lif
  molecule
    3 0.000000 0.000000 -1.172356
    9 0.000000 0.000000 0.390785
  endmolecule
endstructure
structure lih
  molecule
    3 0.000000 0.000000 0.403635
    1 0.000000 0.000000 -1.210905
  endmolecule
endstructure
structure methyl-acetate
  molecule
    6 0.000000 0.492905 0.000000
    8 -1.173657 0.765063 0.000000
    8 0.472064 -0.772469 0.000000
    6 1.137264 1.485368 0.000000
    6 -0.528822 -1.798386 0.000000
    1 0.735128 2.497545 0.000000
    1 1.767841 1.333575 0.880532
    1 1.767841 1.333575 -0.880532
    1 0.014674 -2.743345 0.000000
    1 -1.161693 -1.720715 0.887615
    1 -1.161693 -1.720715 -0.887615
  endmolecule
endstructure
structure methyl-allene
  molecule
    1 2.373404 -0.190435 -0.881166
    6 1.744711 -0.364994 0.000000
    1 1.434688 -1.412053 -0.000053
    6 0.552725 0.559388 -0.000002
    1 2.373346 -0.190509 0.881222
    6 -0.692186 0.173759 0.000000
    1 0.762826 1.628833 0.000001
    6 -1.935665 -0.213362 0.000000
    1 -2.480884 -0.382296 -0.924941
    1 -2.480887 -0.382289 0.924941
  endmolecule
endstructure
structure methylamine
  molecule
    6 0.051792 0.703794 0.000000
    7 0.051792 -0.761030 0.000000
    1 -0.942572 1.180157 0.000000
    1 -0.457729 -1.102386 0.809503
    1 -0.457729 -1.102386 -0.809503
    1 0.592366 1.064530 0.881128
    1 0.592366 1.064530 -0.881128
  endmolecule
endstructure
structure methyl-cyanide
  molecule
    6 0.000000 0.000000 -1.176766
    6 0.000000 0.000000 0.280353
    7 0.000000 0.000000 1.435371
    1 0.000000 1.025304 -1.556374
    1 0.887939 -0.512652 -1.556374
    1 -0.887939 -0.512652 -1.556374
  endmolecule
endstructure
structure methylene-cyclopropane
  molecule
    6 0.000000 0.000000 0.317277
    6 0.000000 0.769212 -0.930613
    6 0.000000 -0.769212 -0.930613
    6 0.000000 0.000000 1.633710
    1 0.911154 1.277405 -1.235625
    1 -0.911154 1.277405 -1.235625
    1 -0.911154 -1.277405 -1.235625
    1 0.911154 -1.277405 -1.235625
    1 0.000000 0.925298 2.201961
    1 0.000000 -0.925298 2.201961
  endmolecule
endstructure
structure methyl-ethyl-ether
  molecule
    8 0.015733 -0.708761 0.000000
    6 0.000000 0.703522 0.000000
    6 1.317319 -1.240152 0.000000
    6 -1.445072 1.172304 0.000000
    1 0.533057 1.089970 0.886090
    1 0.533057 1.089970 -0.886090
    1 1.228777 -2.329450 0.000000
    1 1.887269 -0.930844 -0.891233
    1 1.887269 -0.930844 0.891233
    1 -1.967806 0.800961 -0.885962
    1 -1.967806 0.800961 0.885962
    1 -1.493167 2.265321 0.000000
  endmolecule
endstructure
structure methyl-ethyl-ketone
  molecule
    1 2.109582 0.620518 0.879610
    6 2.018584 -0.021736 0.000034
    1 2.109597 0.620662 -0.879434
    6 0.681273 -0.757409 -0.000041
    1 2.851396 -0.730511 -0.000015
    6 -0.527169 0.171725 -0.000014
    1 0.592663 -1.422591 0.870460
    1 -2.676668 0.256909 -0.000130
    1 -2.000263 -1.143553 0.879689
    1 -2.000194 -1.143869 -0.879417
    1 0.592700 -1.422462 -0.870646
    8 -0.408753 1.375603 -0.000016
    6 -1.890819 -0.499236 0.000023
  endmolecule
endstructure
structure methyl-formate
  molecule
    6 -0.929688 -0.091709 0.000000
    8 -0.719945 -1.273300 0.000000
    8 0.000000 0.871870 0.000000
    1 -1.924908 0.378934 0.000000
    6 1.360816 0.410239 0.000000
    1 1.977618 1.308323 0.000000
    1 1.560042 -0.193504 0.888655
    1 1.560042 -0.193504 -0.888655
  endmolecule
endstructure
structure methyl-nitrite
  molecule
    6 -1.319970 0.322800 0.000000
    8 0.000000 0.886099 0.000000
    1 -1.988888 1.182494 0.000000
    1 -1.479724 -0.292735 0.889696
    1 -1.479724 -0.292735 -0.889696
    7 1.042477 -0.037658 0.000000
    8 0.696352 -1.169876 0.000000
  endmolecule
endstructure
structure methylpropanal
  molecule
    1 0.317681 0.568957 2.174995
    6 0.037281 1.118037 1.271229
    1 -1.034478 1.340965 1.328687
    6 0.368173 0.317378 0.000000
    1 0.574772 2.071162 1.271265
    6 -0.427244 -0.973396 0.000000
    1 1.427215 0.039534 0.000000
    6 0.037281 1.118037 -1.271229
    1 -1.034478 1.340965 -1.328687
    1 0.317681 0.568957 -2.174995
    1 0.574772 2.071162 -1.271265
    8 0.037281 -2.083363 0.000000
    1 -1.534365 -0.815131 0.000000
  endmolecule
endstructure
structure methylpropanenitrile
  molecule
    1 0.322896 0.514112 2.175886
    6 -0.027026 1.030105 1.278597
    1 -1.118721 1.083406 1.318099
    6 0.437290 0.306644 0.000000
    1 0.368291 2.049851 1.287612
    6 -0.027026 -1.085669 0.000000
    1 1.534123 0.270798 0.000000
    6 -0.027026 1.030105 -1.278597
    1 -1.118721 1.083406 -1.318099
    1 0.322896 0.514112 -2.175886
    1 0.368291 2.049851 -1.287612
    7 -0.402333 -2.178949 0.000000
  endmolecule
endstructure
structure methylsilane
  molecule
    6 0.000000 0.000000 -1.245569
    14 0.000000 0.000000 0.635363
    1 0.000000 -1.021936 -1.636237
    1 -0.885023 0.510968 -1.636237
    1 0.885023 0.510968 -1.636237
    1 0.000000 1.389335 1.162347
    1 -1.203199 -0.694667 1.162347
    1 1.203199 -0.694667 1.162347
  endmolecule
endstructure
structure n2o
  molecule
    7 0.000000 0.000000 -1.200107
    7 0.000000 0.000000 -0.072441
    8 0.000000 0.000000 1.113479
  endmolecule
endstructure
structure n2
  molecule
    7 0.000000 0.000000 0.549399
    7 0.000000 0.000000 -0.549399
  endmolecule
endstructure
structure na2
  molecule
    11 0.000000 0.000000 1.507107
    11 0.000000 0.000000 -1.507107
  endmolecule
endstructure
structure nacl
  molecule
    11 0.000000 0.000000 -1.433581
    17 0.000000 0.000000 0.927612
  endmolecule
endstructure
structure naphthalene
  molecule
    6 0.000000 0.000000 0.715384
    6 0.000000 0.000000 -0.715384
    6 0.000000 1.242027 1.399052
    6 0.000000 -1.242027 1.399052
    6 0.000000 1.242027 -1.399052
    6 0.000000 -1.242027 -1.399052
    6 0.000000 -2.427676 0.706815
    6 0.000000 2.427676 0.706815
    1 0.000000 1.238794 2.484965
    1 0.000000 -1.238794 2.484965
    6 0.000000 -2.427676 -0.706815
    6 0.000000 2.427676 -0.706815
    1 0.000000 1.238794 -2.484965
    1 0.000000 -1.238794 -2.484965
    1 0.000000 -3.370868 1.242976
    1 0.000000 3.370868 1.242976
    1 0.000000 -3.370868 -1.242976
    1 0.000000 3.370868 -1.242976
  endmolecule
endstructure
structure n-butyl-chloride
  molecule
    1 -0.618380 3.119145 0.883825
    6 -1.171540 2.783536 0.000000
    1 -2.140705 3.291408 0.000000
    6 -1.343009 1.261834 0.000000
    1 -0.618380 3.119145 -0.883825
    1 -1.928898 0.958673 0.877550
    6 0.000000 0.517387 0.000000
    1 -1.928898 0.958673 -0.877550
    1 0.587435 0.806270 0.879057
    1 0.587435 0.806270 -0.879057
    6 -0.191393 -0.991442 0.000000
    1 -0.724727 -1.335383 0.887856
    17 1.396794 -1.871571 0.000000
    1 -0.724727 -1.335383 -0.887856
  endmolecule
endstructure
structure neopentane
  molecule
    6 0.000000 0.000000 0.000000
    6 0.888553 0.888553 0.888553
    6 -0.888553 -0.888553 0.888553
    6 -0.888553 0.888553 -0.888553
    6 0.888553 -0.888553 -0.888553
    1 1.534264 1.534264 0.282953
    1 0.282953 1.534264 1.534264
    1 1.534264 0.282953 1.534264
    1 -1.534264 -1.534264 0.282953
    1 -0.282953 -1.534264 1.534264
    1 -1.534264 -0.282953 1.534264
    1 -1.534264 0.282953 -1.534264
    1 -1.534264 1.534264 -0.282953
    1 -0.282953 1.534264 -1.534264
    1 0.282953 -1.534264 -1.534264
    1 1.534264 -0.282953 -1.534264
    1 1.534264 -1.534264 -0.282953
  endmolecule
endstructure
structure nf3
  molecule
    7 0.000000 0.000000 0.481564
    9 0.000000 1.231751 -0.124850
    9 1.066728 -0.615876 -0.124850
    9 -1.066728 -0.615876 -0.124850
  endmolecule
endstructure
structure nh2
  molecule
    7 0.000000 0.000000 0.144397
    1 0.000000 0.800907 -0.505389
    1 0.000000 -0.800907 -0.505389
  endmolecule
endstructure
structure nh3
  molecule
    7 0.000000 0.000000 0.120472
    1 0.000000 0.934537 -0.281102
    1 0.809333 -0.467268 -0.281102
    1 -0.809333 -0.467268 -0.281102
  endmolecule
endstructure
structure n-heptane
  molecule
    6 0.000000 0.000000 0.495659
    6 0.000000 1.281514 -0.344142
    6 0.000000 -1.281514 -0.344142
    6 0.000000 2.564063 0.494625
    6 0.000000 -2.564063 0.494625
    6 0.000000 3.838978 -0.353189
    6 0.000000 -3.838978 -0.353189
    1 -0.877153 0.000000 1.157954
    1 0.877153 0.000000 1.157954
    1 -0.877065 1.282250 -1.006674
    1 0.877065 1.282250 -1.006674
    1 0.877065 -1.282250 -1.006674
    1 -0.877065 -1.282250 -1.006674
    1 0.876702 2.563263 1.155959
    1 -0.876702 2.563263 1.155959
    1 -0.876702 -2.563263 1.155959
    1 0.876702 -2.563263 1.155959
    1 -0.883427 3.883997 -0.999955
    1 0.883427 3.883997 -0.999955
    1 0.883427 -3.883997 -0.999955
    1 -0.883427 -3.883997 -0.999955
    1 0.000000 4.737058 0.272645
    1 0.000000 -4.737058 0.272645
  endmolecule
endstructure
structure n-hexane
  molecule
    6 0.000000 0.765962 0.000000
    6 0.000000 -0.765962 0.000000
    6 -1.404854 1.378099 0.000000
    6 1.404854 -1.378099 0.000000
    6 -1.395703 2.909119 0.000000
    6 1.395703 -2.909119 0.000000
    1 0.553642 1.129796 0.877151
    1 0.553642 1.129796 -0.877151
    1 -0.553642 -1.129796 0.877151
    1 -0.553642 -1.129796 -0.877151
    1 -1.957365 1.014617 0.876673
    1 -1.957365 1.014617 -0.876673
    1 1.957365 -1.014617 0.876673
    1 1.957365 -1.014617 -0.876673
    1 -0.879540 3.301560 -0.883399
    1 -0.879540 3.301560 0.883399
    1 0.879540 -3.301560 -0.883399
    1 0.879540 -3.301560 0.883399
    1 -2.411612 3.316689 0.000000
    1 2.411612 -3.316689 0.000000
  endmolecule
endstructure
structure nh
  molecule
    7 0.000000 0.000000 0.130623
    1 0.000000 0.000000 -0.914358
  endmolecule
endstructure
structure nitromethane
  molecule
    6 -1.323234 -0.000916 -0.003404
    7 0.175868 0.000018 -0.009184
    8 0.730132 -1.087065 0.002536
    8 0.728333 1.087998 0.002525
    1 -1.635064 0.008305 1.042616
    1 -1.662595 0.901697 -0.506801
    1 -1.661729 -0.912094 -0.491592
  endmolecule
endstructure
structure nitro-s-butane
  molecule
    1 1.887054 1.483351 -0.049773
    6 1.347819 0.582322 0.264802
    6 2.189036 -0.661545 -0.032492
    6 -0.007997 0.607955 -0.447699
    1 1.170402 0.676954 1.341166
    1 0.110611 0.434753 -1.518779
    6 -0.811482 1.875908 -0.174726
    7 -0.823963 -0.591266 0.018395
    1 -0.253324 2.742135 -0.540455
    1 -0.984570 1.994178 0.897098
    1 -1.777754 1.852090 -0.686122
    1 3.152616 -0.603684 0.481289
    1 2.385467 -0.763823 -1.104828
    1 1.689529 -1.575139 0.304037
    8 -1.107428 -1.438016 -0.814595
    8 -1.132141 -0.628208 1.200633
  endmolecule
endstructure
structure n-methyl-pyrrole
  molecule
    1 -1.114879 2.408690 0.000000
    7 0.024215 0.623920 0.000000
    6 0.018071 -0.174118 1.117567
    1 0.425210 2.470165 0.885571
    1 0.425210 2.470165 -0.885571
    6 0.018071 -0.174118 -1.117567
    6 -0.072679 2.067659 0.000000
    6 0.018071 -1.488606 0.710920
    1 0.016065 0.265837 2.102605
    6 0.018071 -1.488606 -0.710920
    1 0.016065 0.265837 -2.102605
    1 0.032595 -2.350704 1.360029
    1 0.032595 -2.350704 -1.360029
  endmolecule
endstructure
structure no2
  molecule
    7 0.000000 0.000000 0.322643
    8 0.000000 1.102041 -0.141156
    8 0.000000 -1.102041 -0.141156
  endmolecule
endstructure
structure n-octane
  molecule
    6 0.000000 0.766216 0.000000
    6 0.000000 -0.766216 0.000000
    6 -1.405575 1.376054 0.000000
    6 1.405575 -1.376054 0.000000
    6 -1.409950 2.908463 0.000000
    6 1.409950 -2.908463 0.000000
    6 -2.818879 3.507551 0.000000
    6 2.818879 -3.507551 0.000000
    1 0.553684 1.129401 0.877215
    1 0.553684 1.129401 -0.877215
    1 -0.553684 -1.129401 0.877215
    1 -0.553684 -1.129401 -0.877215
    1 -1.959575 1.012584 0.877049
    1 -1.959575 1.012584 -0.877049
    1 1.959575 -1.012584 0.877049
    1 1.959575 -1.012584 -0.877049
    1 -0.857070 3.271356 -0.876735
    1 -0.857070 3.271356 0.876735
    1 0.857070 -3.271356 -0.876735
    1 0.857070 -3.271356 0.876735
    1 -3.384207 3.189946 0.883382
    1 -3.384207 3.189946 -0.883382
    1 3.384207 -3.189946 0.883382
    1 3.384207 -3.189946 -0.883382
    1 -2.789442 4.601787 0.000000
    1 2.789442 -4.601787 0.000000
  endmolecule
endstructure
structure no
  molecule
    7 0.000000 0.000000 -0.613991
    8 0.000000 0.000000 0.537242
  endmolecule
endstructure
structure n-pentane
  molecule
    6 0.000000 0.000000 0.315534
    6 0.000000 1.282210 -0.523324
    6 0.000000 -1.282210 -0.523324
    6 0.000000 2.557358 0.324101
    6 0.000000 -2.557358 0.324101
    1 -0.877053 0.000000 0.978289
    1 0.877053 0.000000 0.978289
    1 -0.876728 1.281244 -1.184661
    1 0.876728 1.281244 -1.184661
    1 0.876728 -1.281244 -1.184661
    1 -0.876728 -1.281244 -1.184661
    1 0.883420 2.602570 0.970856
    1 -0.883420 2.602570 0.970856
    1 -0.883420 -2.602570 0.970856
    1 0.883420 -2.602570 0.970856
    1 0.000000 3.455278 -0.301947
    1 0.000000 -3.455278 -0.301947
  endmolecule
endstructure
structure o2
  molecule
    8 0.000000 0.000000 0.603190
    8 0.000000 0.000000 -0.603190
  endmolecule
endstructure
structure o3
  molecule
    8 0.000000 1.075558 -0.215709
    8 0.000000 0.000000 0.431417
    8 0.000000 -1.075558 -0.215709
  endmolecule
endstructure
structure ocs
  molecule
    8 0.000000 0.000000 -1.684673
    6 0.000000 0.000000 -0.526989
    16 0.000000 0.000000 1.039957
  endmolecule
endstructure
structure oh
  molecule
    8 0.000000 0.000000 0.108460
    1 0.000000 0.000000 -0.867678
  endmolecule
endstructure
structure oxirane
  molecule
    6 0.000000 0.733437 -0.370244
    8 0.000000 0.000000 0.852327
    6 0.000000 -0.733437 -0.370244
    1 0.919692 1.271961 -0.593921
    1 -0.919692 1.271961 -0.593921
    1 -0.919692 -1.271961 -0.593921
    1 0.919692 -1.271961 -0.593921
  endmolecule
endstructure
structure p2
  molecule
    15 0.000000 0.000000 0.947605
    15 0.000000 0.000000 -0.947605
  endmolecule
endstructure
structure p4
  molecule
    15 0.781746 0.781746 0.781746
    15 -0.781746 -0.781746 0.781746
    15 0.781746 -0.781746 -0.781746
    15 -0.781746 0.781746 -0.781746
  endmolecule
endstructure
structure pcl3
  molecule
    15 0.000000 0.000000 0.733905
    17 0.000000 1.847794 -0.215854
    17 1.600237 -0.923897 -0.215854
    17 -1.600237 -0.923897 -0.215854
  endmolecule
endstructure
structure pcl5
  molecule
    15 0.000000 0.000000 0.000000
    17 0.000000 0.000000 2.156382
    17 0.000000 2.055490 0.000000
    17 0.000000 0.000000 -2.156382
    17 1.780107 -1.027745 0.000000
    17 -1.780107 -1.027745 0.000000
  endmolecule
endstructure
structure pf3
  molecule
    15 0.000000 0.000000 0.499746
    9 0.000000 1.371277 -0.277637
    9 1.187561 -0.685639 -0.277637
    9 -1.187561 -0.685639 -0.277637
  endmolecule
endstructure
structure pf5
  molecule
    15 0.000000 0.000000 0.000000
    9 0.000000 0.000000 1.578218
    9 0.000000 1.549895 0.000000
    9 0.000000 0.000000 -1.578218
    9 1.342249 -0.774948 0.000000
    9 -1.342249 -0.774948 0.000000
  endmolecule
endstructure
structure ph2
  molecule
    15 0.000000 0.000000 0.115657
    1 0.000000 1.020130 -0.867427
    1 0.000000 -1.020130 -0.867427
  endmolecule
endstructure
structure ph3
  molecule
    15 0.000000 0.000000 0.126411
    1 0.000000 1.191339 -0.632056
    1 1.031730 -0.595669 -0.632056
    1 -1.031730 -0.595669 -0.632056
  endmolecule
endstructure
structure phenol
  molecule
    6 0.000000 0.940284 0.000000
    6 -1.202594 0.231655 0.000000
    6 -1.185888 -1.160981 0.000000
    6 0.021562 -1.853512 0.000000
    6 1.218283 -1.137115 0.000000
    6 1.215209 0.252751 0.000000
    8 0.048567 2.303393 0.000000
    1 -0.850073 2.648779 0.000000
    1 -2.147441 0.769348 0.000000
    1 -2.125878 -1.703199 0.000000
    1 0.031478 -2.937515 0.000000
    1 2.166374 -1.665178 0.000000
    1 2.137567 0.822128 0.000000
  endmolecule
endstructure
structure phenyl-radical
  molecule
    6 0.000000 0.000000 1.395574
    6 0.000000 0.000000 -1.321152
    6 0.000000 1.224142 0.770537
    6 0.000000 -1.224142 0.770537
    6 0.000000 1.211674 -0.631211
    6 0.000000 -1.211674 -0.631211
    1 0.000000 0.000000 -2.405954
    1 0.000000 2.159041 1.320756
    1 0.000000 -2.159041 1.320756
    1 0.000000 2.150500 -1.176998
    1 0.000000 -2.150500 -1.176998
  endmolecule
endstructure
structure piperidine
  molecule
    1 -0.534249 -1.206763 2.082516
    6 -0.009264 -0.790764 1.215675
    6 -0.009264 -0.790764 -1.215675
    6 0.642446 1.326989 0.000000
    6 -0.009264 0.746870 -1.264443
    6 -0.009264 0.746870 1.264443
    7 -0.605286 -1.351452 0.000000
    1 1.027354 -1.153044 -1.272002
    1 1.712494 1.075193 0.000000
    1 -1.046571 1.102931 -1.339366
    1 -1.046571 1.102931 1.339366
    1 -1.602368 -1.152380 0.000000
    1 1.027354 -1.153044 1.272002
    1 -0.534249 -1.206763 -2.082516
    1 0.580952 2.420885 0.000000
    1 0.510253 1.097509 -2.164586
    1 0.510253 1.097509 2.164586
  endmolecule
endstructure
structure pocl3
  molecule
    15 0.000000 0.000000 0.435409
    8 0.000000 0.000000 1.892122
    17 0.000000 1.835271 -0.424865
    17 1.589391 -0.917635 -0.424865
    17 -1.589391 -0.917635 -0.424865
  endmolecule
endstructure
structure propane
  molecule
    6 0.000000 0.000000 0.586532
    6 0.000000 1.276095 -0.259780
    6 0.000000 -1.276095 -0.259780
    1 -0.876334 0.000000 1.246830
    1 0.876334 0.000000 1.246830
    1 0.000000 2.174315 0.365942
    1 0.000000 -2.174315 0.365942
    1 0.883356 1.320655 -0.906844
    1 -0.883356 1.320655 -0.906844
    1 -0.883356 -1.320655 -0.906844
    1 0.883356 -1.320655 -0.906844
  endmolecule
endstructure
structure propyl-chloride
  molecule
    6 0.911825 -0.630417 0.000000
    6 2.389649 -0.219623 0.000000
    6 0.000000 0.587674 0.000000
    1 0.690779 -1.245072 0.878856
    1 0.690779 -1.245072 -0.878856
    1 3.035870 -1.102015 0.000000
    17 -1.752843 0.117888 0.000000
    1 2.639541 0.375944 -0.884632
    1 2.639541 0.375944 0.884632
    1 0.146486 1.205191 0.887875
    1 0.146486 1.205191 -0.887875
  endmolecule
endstructure
structure propylene
  molecule
    6 1.290384 0.153619 0.000000
    6 0.000000 0.472966 0.000000
    1 1.621664 -0.881412 0.000000
    1 2.068023 0.909992 0.000000
    1 -0.283000 1.525165 0.000000
    6 -1.136060 -0.506272 0.000000
    1 -0.776177 -1.539222 0.000000
    1 -1.778229 -0.368201 0.878776
    1 -1.778229 -0.368201 -0.878776
  endmolecule
endstructure
structure propyne
  molecule
    6 0.000000 0.000000 0.218713
    6 0.000000 0.000000 1.420178
    6 0.000000 0.000000 -1.236463
    1 0.000000 0.000000 2.481639
    1 0.000000 1.021268 -1.632069
    1 0.884444 -0.510634 -1.632069
    1 -0.884444 -0.510634 -1.632069
  endmolecule
endstructure
structure pyrazine
  molecule
    1 0.000000 2.064186 1.253898
    7 0.000000 0.000000 -1.405294
    7 0.000000 0.000000 1.405294
    6 0.000000 1.130781 -0.696665
    6 0.000000 -1.130781 -0.696665
    6 0.000000 -1.130781 0.696665
    6 0.000000 1.130781 0.696665
    1 0.000000 2.064186 -1.253898
    1 0.000000 -2.064186 -1.253898
    1 0.000000 -2.064186 1.253898
  endmolecule
endstructure
structure pyridine
  molecule
    7 0.000000 0.000000 1.417497
    6 0.000000 0.000000 -1.382528
    6 0.000000 1.139575 0.720388
    6 0.000000 -1.139575 0.720388
    6 0.000000 -1.195555 -0.671305
    6 0.000000 1.195555 -0.671305
    1 0.000000 0.000000 -2.467674
    1 0.000000 2.056798 1.305138
    1 0.000000 -2.056798 1.305138
    1 0.000000 -2.153584 -1.179452
    1 0.000000 2.153584 -1.179452
  endmolecule
endstructure
structure pyrimidine
  molecule
    6 0.000000 0.000000 -1.306414
    6 0.000000 0.000000 1.352654
    7 0.000000 1.195848 -0.714576
    7 0.000000 -1.195848 -0.714576
    6 0.000000 1.181795 0.620941
    6 0.000000 -1.181795 0.620941
    1 0.000000 0.000000 -2.394044
    1 0.000000 0.000000 2.436170
    1 0.000000 2.150200 1.116602
    1 0.000000 -2.150200 1.116602
  endmolecule
endstructure
structure pyrrole
  molecule
    1 0.000000 0.000000 2.123888
    7 0.000000 0.000000 1.119524
    6 0.000000 1.122927 0.330902
    6 0.000000 -1.122927 0.330902
    6 0.000000 0.711642 -0.981492
    6 0.000000 -0.711642 -0.981492
    1 0.000000 2.108318 0.768276
    1 0.000000 -2.108318 0.768276
    1 0.000000 1.358830 -1.845013
    1 0.000000 -1.358830 -1.845013
  endmolecule
endstructure
structure s2
  molecule
    16 0.000000 0.000000 0.956035
    16 0.000000 0.000000 -0.956035
  endmolecule
endstructure
structure scl2
  molecule
    16 0.000000 0.000000 0.855535
    17 0.000000 1.611693 -0.402605
    17 0.000000 -1.611693 -0.402605
  endmolecule
endstructure
structure sc
  molecule
    6 0.000000 0.000000 -1.120640
    16 0.000000 0.000000 0.420240
  endmolecule
endstructure
structure sf6
  molecule
    16 0.000000 0.000000 0.000000
    9 0.000000 0.000000 1.575382
    9 0.000000 1.575382 0.000000
    9 0.000000 0.000000 -1.575382
    9 -1.575382 0.000000 0.000000
    9 1.575382 0.000000 0.000000
    9 0.000000 -1.575382 0.000000
  endmolecule
endstructure
structure sh2
  molecule
    16 0.000000 0.000000 0.103450
    1 0.000000 0.971202 -0.827601
    1 0.000000 -0.971202 -0.827601
  endmolecule
endstructure
structure sh
  molecule
    16 0.000000 0.000000 0.079412
    1 0.000000 0.000000 -1.270597
  endmolecule
endstructure
structure si2h6
  molecule
    14 0.000000 0.000000 1.177034
    14 0.000000 0.000000 -1.177034
    1 0.000000 1.391414 1.697556
    1 -1.204999 -0.695707 1.697556
    1 1.204999 -0.695707 1.697556
    1 0.000000 -1.391414 -1.697556
    1 -1.204999 0.695707 -1.697556
    1 1.204999 0.695707 -1.697556
  endmolecule
endstructure
structure si2
  molecule
    14 0.000000 0.000000 1.080933
    14 0.000000 0.000000 -1.080933
  endmolecule
endstructure
structure sicl2
  molecule
    14 0.000000 0.000000 0.937513
    17 0.000000 1.631024 -0.386035
    17 0.000000 -1.631024 -0.386035
  endmolecule
endstructure
structure sicl4
  molecule
    14 0.000000 0.000000 0.000000
    17 1.178376 1.178376 1.178376
    17 -1.178376 -1.178376 1.178376
    17 1.178376 -1.178376 -1.178376
    17 -1.178376 1.178376 -1.178376
  endmolecule
endstructure
structure sif4
  molecule
    14 0.000000 0.000000 0.000000
    9 0.903448 0.903448 0.903448
    9 -0.903448 -0.903448 0.903448
    9 -0.903448 0.903448 -0.903448
    9 0.903448 -0.903448 -0.903448
  endmolecule
endstructure
structure sih2sing
  molecule
    14 0.000000 0.000000 0.133313
    1 0.000000 1.091072 -0.933191
    1 0.000000 -1.091072 -0.933191
  endmolecule
endstructure
structure sih2trip
  molecule
    14 0.000000 0.000000 0.095224
    1 0.000000 1.276782 -0.666570
    1 0.000000 -1.276782 -0.666570
  endmolecule
endstructure
structure sih3
  molecule
    14 0.000000 0.000000 0.080516
    1 0.000000 1.413080 -0.375744
    1 1.223764 -0.706540 -0.375744
    1 -1.223764 -0.706540 -0.375744
  endmolecule
endstructure
structure sih4
  molecule
    14 0.000000 0.000000 0.000000
    1 0.855859 0.855859 0.855859
    1 -0.855859 -0.855859 0.855859
    1 -0.855859 0.855859 -0.855859
    1 0.855859 -0.855859 -0.855859
  endmolecule
endstructure
structure sio
  molecule
    14 0.000000 0.000000 0.550124
    8 0.000000 0.000000 -0.962718
  endmolecule
endstructure
structure so2
  molecule
    16 0.000000 0.000000 0.364797
    8 0.000000 1.244452 -0.364797
    8 0.000000 -1.244452 -0.364797
  endmolecule
endstructure
structure so3
  molecule
    16 0.000000 0.000000 0.000000
    8 0.000000 1.431881 0.000000
    8 1.240045 -0.715940 0.000000
    8 -1.240045 -0.715940 0.000000
  endmolecule
endstructure
structure so
  molecule
    8 0.000000 0.000000 -0.997835
    16 0.000000 0.000000 0.498918
  endmolecule
endstructure
structure spiropentane
  molecule
    6 0.000000 0.000000 0.000000
    6 0.000000 0.763949 1.269433
    6 0.000000 -0.763949 1.269433
    6 0.763949 0.000000 -1.269433
    6 -0.763949 0.000000 -1.269433
    1 -0.912080 1.268773 1.573558
    1 0.912080 1.268773 1.573558
    1 -0.912080 -1.268773 1.573558
    1 0.912080 -1.268773 1.573558
    1 1.268773 -0.912080 -1.573558
    1 1.268773 0.912080 -1.573558
    1 -1.268773 -0.912080 -1.573558
    1 -1.268773 0.912080 -1.573558
  endmolecule
endstructure
structure t-butanethiol
  molecule
    6 0.000000 0.353189 0.000000
    16 -0.048716 -1.510541 0.000000
    6 -1.472230 0.791173 0.000000
    6 0.709361 0.859270 1.262152
    6 0.709361 0.859270 -1.262152
    1 1.283264 -1.711538 0.000000
    1 -1.530496 1.885137 0.000000
    1 -1.997443 0.424488 0.886897
    1 -1.997443 0.424488 -0.886897
    1 0.702158 1.956350 1.282266
    1 1.753683 0.533119 1.290082
    1 0.215470 0.494867 2.166329
    1 0.702158 1.956350 -1.282266
    1 1.753683 0.533119 -1.290082
    1 0.215470 0.494867 -2.166329
  endmolecule
endstructure
structure t-butanol
  molecule
    6 0.000000 0.016261 0.000000
    8 -0.443839 1.380637 0.000000
    6 1.527748 0.101187 0.000000
    6 -0.507787 -0.691385 1.264503
    6 -0.507787 -0.691385 -1.264503
    1 -1.407097 1.373536 0.000000
    1 1.975103 -0.897143 0.000000
    1 1.876898 0.639712 0.885539
    1 1.876898 0.639712 -0.885539
    1 -0.144641 -1.722941 1.320577
    1 -1.603926 -0.725359 1.277233
    1 -0.173504 -0.156192 2.157825
    1 -0.144641 -1.722941 -1.320577
    1 -1.603926 -0.725359 -1.277233
    1 -0.173504 -0.156192 -2.157825
  endmolecule
endstructure
structure t-butylamine
  molecule
    6 -0.547954 -0.686332 1.258172
    6 -0.011633 0.011871 0.000000
    6 -0.547954 -0.686332 -1.258172
    6 1.530038 -0.018529 0.000000
    7 -0.547954 1.388635 0.000000
    1 1.918201 -1.043588 0.000000
    1 1.928123 0.489421 0.885927
    1 1.928123 0.489421 -0.885927
    1 -1.640846 -0.657699 -1.274196
    1 -0.222990 -1.730709 -1.297765
    1 -0.183651 -0.190405 -2.165616
    1 -0.222990 -1.730709 1.297765
    1 -1.640846 -0.657699 1.274196
    1 -0.183651 -0.190405 2.165616
    1 -0.189386 1.888928 0.810659
    1 -0.189386 1.888928 -0.810659
  endmolecule
endstructure
structure t-butyl-chloride
  molecule
    17 0.000000 0.000000 1.487902
    6 0.000000 0.000000 -0.367979
    6 0.000000 1.460314 -0.814436
    6 1.264669 -0.730157 -0.814436
    6 -1.264669 -0.730157 -0.814436
    1 0.000000 1.504969 -1.910018
    1 1.303342 -0.752485 -1.910018
    1 -1.303342 -0.752485 -1.910018
    1 0.886761 1.983905 -0.449427
    1 -0.886761 1.983905 -0.449427
    1 1.274731 -1.759911 -0.449427
    1 2.161493 -0.223995 -0.449427
    1 -2.161493 -0.223995 -0.449427
    1 -1.274731 -1.759911 -0.449427
  endmolecule
endstructure
structure t-butyl-methyl-ether
  molecule
    1 -0.595296 2.492692 0.000000
    1 -1.697206 1.415381 0.885317
    1 -1.697206 1.415381 -0.885317
    1 0.250250 0.361654 2.159395
    1 1.663377 -0.251907 1.278182
    1 1.342627 1.481329 1.322781
    8 -0.778814 -0.809533 0.000000
    6 0.000000 0.397648 0.000000
    6 0.866674 0.497588 1.265652
    6 -1.061225 1.502906 0.000000
    6 0.866674 0.497588 -1.265652
    1 1.663377 -0.251907 -1.278182
    1 1.342627 1.481329 -1.322781
    1 0.250250 0.361654 -2.159395
    6 -0.090914 -2.038418 0.000000
    1 -0.856227 -2.819463 0.000000
    1 0.538344 -2.176876 0.890815
    1 0.538344 -2.176876 -0.890815
  endmolecule
endstructure
structure t-butyl-radical
  molecule
    6 0.000000 0.000000 0.135611
    6 0.000000 1.487763 -0.013448
    6 1.288441 -0.743882 -0.013448
    6 -1.288441 -0.743882 -0.013448
    1 0.000000 1.802315 -1.073502
    1 -0.887922 1.942010 0.441486
    1 0.887922 1.942010 0.441486
    1 1.560851 -0.901158 -1.073502
    1 2.125791 -0.202042 0.441486
    1 1.237869 -1.739968 0.441486
    1 -1.560851 -0.901158 -1.073502
    1 -1.237869 -1.739968 0.441486
    1 -2.125791 -0.202042 0.441486
  endmolecule
endstructure
structure tetrahydrofuran
  molecule
    8 0.000000 0.000000 1.248672
    6 0.000000 1.170257 0.431767
    6 0.000000 -1.170257 0.431767
    6 -0.306356 0.704128 -0.996512
    6 0.306356 -0.704128 -0.996512
    1 -0.742516 1.874889 0.822973
    1 0.986281 1.656451 0.484498
    1 0.742516 -1.874889 0.822973
    1 -0.986281 -1.656451 0.484498
    1 -1.388709 0.647672 -1.155698
    1 0.113614 1.365592 -1.757988
    1 1.388709 -0.647672 -1.155698
    1 -0.113614 -1.365592 -1.757988
  endmolecule
endstructure
structure tetrahydropyran
  molecule
    8 0.000000 1.425994 0.000000
    6 0.060165 -1.466654 0.000000
    6 -0.351066 0.716590 1.176787
    6 -0.351066 0.716590 -1.176787
    6 0.357923 -0.637560 1.258413
    6 0.357923 -0.637560 -1.258413
    1 -1.445225 0.566777 1.212225
    1 -0.075339 1.362774 2.015528
    1 -1.445225 0.566777 -1.212225
    1 -0.075339 1.362774 -2.015528
    1 1.438016 -0.464178 1.341523
    1 0.041826 -1.167568 2.164413
    1 1.438016 -0.464178 -1.341523
    1 0.041826 -1.167568 -2.164413
    1 0.638404 -2.396708 0.000000
    1 -1.000228 -1.755284 0.000000
  endmolecule
endstructure
structure tetrahydropyrrole
  molecule
    1 0.468850 -0.678138 2.073152
    1 0.393862 -2.109718 0.000000
    6 -0.099937 -0.468686 -1.161742
    6 -0.099937 1.025449 -0.778108
    6 -0.099937 1.025449 0.778108
    6 -0.099937 -0.468686 1.161742
    7 0.524896 -1.103946 0.000000
    1 -1.138386 -0.809574 -1.330503
    1 0.468850 -0.678138 -2.073152
    1 0.797512 1.518103 -1.160311
    1 -0.962795 1.547701 -1.198474
    1 -0.962795 1.547701 1.198474
    1 0.797512 1.518103 1.160311
    1 -1.138386 -0.809574 1.330503
  endmolecule
endstructure
structure tetrahydrothiophene
  molecule
    1 0.990753 1.811236 0.026093
    16 0.000000 0.000000 1.313837
    6 0.000000 -1.349927 0.052680
    6 0.343410 -0.685388 -1.284713
    6 -0.343410 0.685388 -1.284713
    6 0.000000 1.349927 0.052680
    1 -0.727592 2.108725 0.346162
    1 -0.990753 -1.811236 0.026093
    1 0.727592 -2.108725 0.346162
    1 1.428737 -0.554195 -1.363187
    1 0.023498 -1.307163 -2.127566
    1 -1.428737 0.554195 -1.363187
    1 -0.023498 1.307163 -2.127566
  endmolecule
endstructure
structure tetrahydrothiopyran
  molecule
    16 0.000000 1.515458 0.000000
    6 0.047786 -1.725484 0.000000
    6 -0.374669 0.377949 1.383752
    6 -0.374669 0.377949 -1.383752
    6 0.381206 -0.949657 1.282719
    6 0.381206 -0.949657 -1.282719
    1 -1.456682 0.205118 1.418237
    1 -0.099876 0.923456 2.290401
    1 -1.456682 0.205118 -1.418237
    1 -0.099876 0.923456 -2.290401
    1 1.459119 -0.752643 1.325859
    1 0.132408 -1.564894 2.157091
    1 1.459119 -0.752643 -1.325859
    1 0.132408 -1.564894 -2.157091
    1 0.587379 -2.679077 0.000000
    1 -1.022474 -1.976936 0.000000
  endmolecule
endstructure
structure tetramethylsilane
  molecule
    14 0.000000 0.000000 0.000000
    6 1.089797 1.089797 1.089797
    1 1.736724 1.736724 0.486804
    1 1.736724 0.486804 1.736724
    1 0.486804 1.736724 1.736724
    6 -1.089797 -1.089797 1.089797
    1 -1.736724 -0.486804 1.736724
    1 -1.736724 -1.736724 0.486804
    1 -0.486804 -1.736724 1.736724
    6 1.089797 -1.089797 -1.089797
    1 0.486804 -1.736724 -1.736724
    1 1.736724 -0.486804 -1.736724
    1 1.736724 -1.736724 -0.486804
    6 -1.089797 1.089797 -1.089797
    1 -1.736724 0.486804 -1.736724
    1 -1.736724 1.736724 -0.486804
    1 -0.486804 1.736724 -1.736724
  endmolecule
endstructure
structure thiooxirane
  molecule
    6 0.000000 0.740479 -0.802949
    16 0.000000 0.000000 0.871546
    6 0.000000 -0.740479 -0.802949
    1 0.914095 1.256623 -1.077338
    1 -0.914095 1.256623 -1.077338
    1 -0.914095 -1.256623 -1.077338
    1 0.914095 -1.256623 -1.077338
  endmolecule
endstructure
structure thiophene
  molecule
    16 0.000000 0.000000 1.192498
    6 0.000000 1.240224 -0.008545
    6 0.000000 -1.240224 -0.008545
    6 0.000000 0.713052 -1.268275
    6 0.000000 -0.713052 -1.268275
    1 0.000000 2.277869 0.288111
    1 0.000000 -2.277869 0.288111
    1 0.000000 1.316475 -2.167173
    1 0.000000 -1.316475 -2.167173
  endmolecule
endstructure
structure toluene
  molecule
    6 -0.003698 0.911389 0.000000
    6 -0.007012 0.193797 1.199762
    6 -0.007012 0.193797 -1.199762
    6 -0.007012 -1.198550 1.202693
    6 -0.007012 -1.198550 -1.202693
    6 -0.006225 -1.900943 0.000000
    6 0.026890 2.420544 0.000000
    1 1.057370 2.797253 0.000000
    1 -0.467079 2.831153 -0.885552
    1 -0.467079 2.831153 0.885552
    1 -0.011950 -1.735044 2.146168
    1 -0.011950 -1.735044 -2.146168
    1 -0.009430 -2.985834 0.000000
    1 -0.011694 0.733730 2.142447
    1 -0.011694 0.733730 -2.142447
  endmolecule
endstructure
structure trans-butane
  molecule
    6 0.704177 1.833028 0.000000
    6 0.704177 0.302188 0.000000
    6 -0.704177 -0.302188 0.000000
    6 -0.704177 -1.833028 0.000000
    1 1.722279 2.235014 0.000000
    1 -1.722279 -2.235014 0.000000
    1 0.190261 2.228457 0.883399
    1 0.190261 2.228457 -0.883399
    1 -0.190261 -2.228457 0.883399
    1 -0.190261 -2.228457 -0.883399
    1 1.254182 -0.065403 -0.876688
    1 1.254182 -0.065403 0.876688
    1 -1.254182 0.065403 -0.876688
    1 -1.254182 0.065403 0.876688
  endmolecule
endstructure
structure trans-ethylamine
  molecule
    6 1.215032 -0.360322 0.000000
    6 0.000000 0.574705 0.000000
    7 -1.312105 -0.079907 0.000000
    1 2.155098 0.203242 0.000000
    1 1.212193 -1.007107 0.885127
    1 1.212193 -1.007107 -0.885127
    1 0.042654 1.233111 -0.876196
    1 0.042654 1.233111 0.876196
    1 -1.385125 -0.691098 0.809647
    1 -1.385125 -0.691098 -0.809647
  endmolecule
endstructure
structure trimethylamine
  molecule
    7 0.000000 0.000000 0.367351
    6 0.000000 1.388275 -0.059883
    6 1.202281 -0.694137 -0.059883
    6 -1.202281 -0.694137 -0.059883
    1 0.000000 1.506466 -1.161828
    1 0.886316 1.897588 0.331986
    1 -0.886316 1.897588 0.331986
    1 1.304638 -0.753233 -1.161828
    1 1.200201 -1.716366 0.331986
    1 2.086517 -0.181221 0.331986
    1 -1.304638 -0.753233 -1.161828
    1 -2.086517 -0.181221 0.331986
    1 -1.200201 -1.716366 0.331986
  endmolecule
endstructure
structure vinyl-chloride
  molecule
    6 0.000000 0.763812 0.000000
    6 1.293475 1.044947 0.000000
    17 -0.626058 -0.865477 0.000000
    1 -0.789187 1.504509 0.000000
    1 2.055799 0.275567 0.000000
    1 1.615527 2.080480 0.000000
  endmolecule
endstructure
structure vinyl-fluoride
  molecule
    6 0.000000 0.426371 0.000000
    6 1.185545 -0.157364 0.000000
    9 -1.145752 -0.258726 0.000000
    1 -0.169881 1.498918 0.000000
    1 1.288194 -1.235386 0.000000
    1 2.080184 0.450963 0.000000
  endmolecule
endstructure
